3232221546315133223433433342253232332422524653333335332433322333355343313233335255322525232232347253
2212222122412224221122232222212322311222112222224221343122222432211322222121221322311223113522124214
2223231342332223232333313642333312333232534334233232343321243132332333313332222222141333133334333334
7223117522232532133213332322252242544222223222923324623723225425212233221322122522144342412317422311
2223342126295222223612223322136283231321221122313344214153232333322522312422224422232255152312433434
2227341383222226222212232222272223245214229121222224622125112111194322222224232416221312224222211223
4453255267366542532433243653426346553532263656342535364266445443434256245656923562466823545335844615
1492447423523744439233847286433444447246543477523419432557344399447448865343447239432343548174854943
3632325222232122212224212422232132232233223211211311221222212244221212123121311232331322321322332224
7575237562439887747256234442575336362825146432926724396229235137633243249223674857612545945775727412
3733676253362663353356762434366355786352733333373845561784285262778654336453534855666433345573756426
8665769647654377655866446775483885464793516668264767426846878565776574865675775757656576658866484356
3346848588585423334332434537133955465362335392363223362623435253356763535332492753453556635533357233
6152835244323422851313236675739563267674663721327654442323563432367412224737236372676443745264376263
2332242323242235332335121325345223163311525122222223322313322222432312425132221331221223313232212322
4337573672465755554647457547566766466676684778787885556654478676733675355557485456674775234877665557
1221241132222222432222222224233121223221222531332222322232222212221224223233243232122423212122323411
2328233334312333532232226263113263423381923435343213432223214315339543362243333332333724333224336333
8344332433434434284223334833332344133824322453494424548444234432232444313444144142428444334224345444
3263344554254444137462575424363526443445443444234543433544444333444734344274345433636544352434444541
3535633392358496843552383243769353532545343233454559677269423139224229334453333746436325675332435435
3333434438743453433324432334354793926393263234374324434837864246236233433783344334344332265583133233
2142121254265733473484533634253242373313432332554354444353333453525423334284855354423254456343335345
5253523228323625444224443248135544335442445454436455333457273233554526634322243644224545446357127454
3244337453244326433343532343533533336443241734423322624234323344434333432334333332353335339349344333
6343434845343252825573163266658673336324445534434535453345325337532265263456344632625735465543874514
5539535877866386578832685986968746857876714546785849468819888829578458874889876879568523788596766451
3232333332332333244323333234334233323332224242333133343322323243233322332333334323323361232333332444
4668561334348288556617421458217438812734244359332146447648342523627522141325242358387418233724634478
7356633373533564359232554346663744464846956437942323554446343637264623596555521375942444246545576132
2582676646654432485437364656642686445335556344363746645547933647463335456544436566644254353446544465
2277561222232622225243322222835142321124243222161222225222222222241222429112422223756623222342244223
3233322323441323233333353333133333333321622223233274421222232213334123333213333334332332232344122333
3849686546884488474648668354572463458848664364568734575896794488456596325498636463664347482898746478
4343334335334435843444334534143344432524332343354453334436343233463333333334366132333434443442363644
2412223232231322322111227222234343122242321524315223212223223112222232231232223422231252723222212222
5242553244465466543366344346642336323773843474234653383234436144534264372433314424374736437354434535
6433334821344354432433344333333332433333433374226433432344333333343625333322423235433332352432332143
4344443212242223415737622142442466223444334327414442244435464331242133243421244314442214353345344444
5967535733446883255276116329497286724144284565527853334255654725474266654561875344445464363765469764
1322231221122223221132122222322212121122232231222232121221122222222242282233112422443222321233223222
3437244845482444542343366424247486525645347622552423345157342557575365623154234442444424412843446251
2218222221326122113223233222231321323332322333431333311223422233221332221222234232222223722333132232
2222213222323222222232222138623322213131222153113331322222132313222223222215237322322222222221222351
5865774865258585647456453488863344556126644757235786734685456684476577894136645658845536578885655669
3152424444434364322378224325246343334233242315243342511442423235341627362312234422265226233472142236
6436364469444661666656366436384254644556535353463663743227464415365836653575321556664364255554642457
4432232333133223333224335622383213113224323333331432232124134342343423436222313441342343234332712324
5322223443321362344324344212134244644394444432434344413442422423234232422433423422335233423543345333
5252173145441375232116214272453131434334273432642422442243439463514513437622363224361746464444343232
7266366456565657655566646455435463635665612628456425666964366616665655442726667463553672435556366656
3333541333132245253431333233236435333323333242323513343261323336323243522522433253652343333224346346
3922363347644333875953354533383587883343313473443553227433534443933433238333638344624278383423532733
3323527755555624274453435452434822239262234627653434446322325336213545626334295176232364554652225225
6446212622565572361513333372673143633543161661461671365124676226571632244173223162453625432226756489
8568134112611784872411238885176232788634113376225681116168358434332173673881581333174218316257273829
8567498487877719454836544443497928747598759898853993788887886584976962877877589559928763476769683683
3243425241231325251224265244313523252222132756344255552122222421423122454152233212222225522312244325
3316747238222749243733426444442562255322253437233441444328361832412633244444243235292433333343524334
3465456444676549855466636675745356446632858466765281346965234385253549526435446624586644752557657335
2222222312341312424111122212652522221242235422242224232146422422222212421233326112822222241213233223
2535421112262524335632262223223425515363635133325352235556224542125365222252323348243364766322734233
2762424874435342442427164232222871345267254123291583222825437282362523342215221357826424268477724223
5665223356426532757555525353554664554553523542633596454444556525134545385456452369374626152351474556
2126343322326221542423423294423222512242224455542124231537236733533434324421123222731644252342234224
4733133345747334738223837383632846733787453465672752317857362263342464148494478474373345791238737838
2212222222222212522423222222222222223222222222127132212522222222222222825212232123221223523121222422
4212522123412225222221232242412132142122234212421252222272225213222222123212113212222322322292212322
2214232142232232321222241323222223224432432322223223223442251323222231322223232322321122224222322142
2222332222622233312223213232221333342322222222121212223232212211222322352212223213222222222112213132
2543322313224342242212323226323234323152332222422241224243122263242232332314212243231344321132433222
4332453343432132235345335333233312343233523133243247336612432233242133332933341333343351551232233451
2463222476422622212262434324632513263356162462112222152411522114243232635512222122112222222322222233
1423131484633345352336433336353334242312222433453323433327324274442626344473323357323345323221243332
4556744843535643356648252586523654633845555555547438443553653745553557143355352347534454866256225414
3223332335232352243333233244435334133214234313333413243236263384445443435232343441344533441343343223
1222332221123124232242282222221394223232232222423231112332222222313613322612321222222321232212622132
2323122123322211124321631132232242252232232422232222221241221321212213232332222232222323222222223232
3385233333333213334333233332832133333335328237382334213334234383393333333328223332367384834323454323
2221323233222121232322412211123224322222212222322322222222131324213222412222322122112212622223231324
2953548112652244264243422285425822284324245241422522252384421754262335614425223225253253325511572572
2222631224242221232232323523122221122221224232214323222212227224232223332232421122322364231262343345
2212242326222243242442233235242212222221422222439214233222222251233221223335328443333222224222423353
6332225344313335223333461428163442352422522335344332324342132322452135413243335343325323435343423164
3533322233343234232433532333343333333243363333366333233531122334333223234333333333512333333163333223
5456533763246664665652543533464545343427527625246652524327656555586763663334452347416638646436437747
3724232121441122222222222252223322221122421212222526122222222222122236222532223222212221122212812325
4364835334532534228124241522233616122226462325324221424224124532441422336251732633244323445226725134
2122222134212212252422221422422212122222223222273242326123312272222523222622223121256252223222225212
2222112122221223212422212222221222242223432222223822232222522222322112113132723222222132211122222122
3242344723434344433121332222442145322222213423222244422463122222243125622233233414323343272433314322
2252522222222121222232412222223222232251122222222381821621211322222223223342222321252231322223232321
3233222232422222232344531287432324132522482245268172121233221292263133232432251322323211282441223742
3323423233332331222222332232333434312234433432332422332341322232324432342423522311324232232322222332
3346354343245434455332444444463431442425555143453445533583333233243344554264534543232433255433444542
2422221322122111221222222222223222232212222222222242122222222222222212242212321222222222212212222122
2222432344344442443411125435234442112466224393524325433213354222342224242324223243356513543325443232
4333333333323347334332333323432273342312433353333333343432333373145265333335222137163333333333384332
6353523266561313211145636342315465326355615121652321314465262331221263436543315364212644532536263789
6334433244756455264523232832655324863464243641363656246633646276473343412257424324144222344654343433
5768288936299579773553759743971975767558272766278475187426565757116476364796865779543924997878634379
3333364334765112231145322332424456122432422234544534224413425225335233542143554642524244155414223276
4744956933244464444748444453224477734436364435224443349444336342534343344633376329443234317374343364
1214422222423233242232122224423224231223221435342333222232222241223322413141422222314234232234351242
7656458546544547576235676556855374747844967555535459557765555355454555533455655473546685555545355956
3228423522294214142249622524724382122224437356232323532262452223223322222244413234431333254921136232
5221622412237322225632124241628781426729477848322282774722427236744476252581935452452428213272613273
3434224642424132123242627227325614476444423332233433324541342232231235331341233342423425223254342536
2142251222222121122422225122222211223217222223221222122141322122312222223322212222121222323211122222
3443444354213243422341333445735214324133433433544533443224345243333523543345315334346233434244331245
3232275672545526837535547428125281465467676622533666326328136353694262565355624352656762568625464322
2132234225423228232225223113224211223244212223242243352222232412322222232222222242223343243324122523
2226822312312223222612282212122212242254212222322152162225223222222221622321222321232221112422232122
4446552245456535453676342654323245354461252444433425463657665521447654542344444436463227443553123624
2222222322122121121123325222222223222222325222243243223232221222222223223111242241262212322222224222
3333231313268423343212333331353323222226343311348232232437434332634333621333313333432332125332333313
2525252122335344154213543554324533232121114451542423242331144254232355335331541343523141344524346789
2322322232434362333524223213333333331222332443232242544144414344314123422532434443422322352332155213
6374754873374794677978318786555616677778578877846456774988766837355684983663558668658786663855954785
2231338445213122323321434222221145125213571324424431443221627374323123123323312422357422314321234122
3324152562424534265216235534232534455725555448426541552573662333254274555552352555356221675223772447
1225222325424321242312226225242122425552522524224522232322171425355812421322217142353242222122342225
4747276433447365413324333446489443733366442332443463944334642655336764444354323745518885646456444636
2242342232522231232122222213234222243242121112222223823323522321222131222315224122246232222223222221
2236321223232541112222424132249325412323335123135235222257224352342324533144235223222355243322312222
2332222223242413222622234232223132322232322525324263222221421212321121532212322421314112322361151323
2342215322233122222332233223322512221222122222342212224233233222522223412321332223322322262222322222
5243245434332453353422634344334233255135251434344342533314353343544323352312443412432234333334413434
2332222212232222322321222222232332222221325322222212232322222222272223312232122226222222282222222122
6429634573322614522685246842455229952212448234531222255152526345242572757843612154211423243235223521
4445454534455564255535522746555455735745444325445354754554365655545583455575345454235345553355575555
2452624464366222448234343144632347461243454338275422533333314444743383353725225454243434623552244422
3212515224254321252322411224222312253231232423233521224245141153231321223252242222221225235444532541
4936522536963837379323343763859323869686592596346328533623531491927324333578587393447733732625732593
6322242143227443442213122422214322542332522142225222164242522222522113121421223442816212212232222143
3222354233223424224243232332421313253742426312222445231324423722324343322242233123423223522342222423
4633866333524954494723445173443785336213672866336273467593483344223427162733721225922473443453441324
4293339428364324436333533636327332238354346376463432644333462422424848424638463132544228445847832472
3875567675578752774873576474657586466656545765555638474755445747343665564575654738856465458552455964
2132223153126321223222323335233222432134355333242242233244243275242322555224414152221435331243325412
2211222212222423221332222221221221232122223242132222212522222212233211422122221221222222213222321222
2212212229122423222227222812221822222223222332228222222222222221222222228122222221222221522272222222
2343422422372545422272212115161372132335522428412622222583124223652312722246236634532224182262343114
3554337466262555455453314433873544642754514725545555556535554341465554547645533353763565534453861444
5248344435444455434444353545645464354733455443454524323544746443453455574434285646425555545443454555
3776334832452431343524444342443936422496524233233343344234843343743221337434234453444433438542343722
2872246273248562897235423676594164363273443576233238665542223755435573753142428247813732628373321527
5453415535581413344352453525525435565524244523533325454554535444544545344546535236554355532355535734
1422343446561465264626226274324235654142461256534754226465217316775728548525556534421756215235545672
2566576662682522565552444548476669443434844743542334944623164451244664392926565644257272219657455544
2533332442324423432424222312232312373142137332222221443212223232122344226526311321413233313242332222
2112215121274124322222322223423523212233223212221133222323322372242222221223121422372422242222122162
3236654336466544775643563235623366575455554435345646418555336436255445263563323628842675522345666553
2222222823132424473213223252736228624952372241222327144228212427228562126228355726683645122233342122
1223222222222222232122222322222224222222222332221132222232245223232321232322222242222126122222222222
2966668965127673455445325542775364485332834373534844654156653333495664348385335464547443333724574336
2223231222322215412222322122112122242312443332331316322144232222222251212242222221122214422222222232
2444343844333354433443733435434343322245444262326443512682446732372442252293342434232433566344343463
3252444263325313325255223624156323333433452546365331253244125535532552246335355543233355132332343351
9236634132423352354335453145433253253552632332253512342434323434236232284732454224634333433353343343
2333333334314233342836535334343333332424624323232723754352374345234322233223323333424242332533435333
3477333367636374373776773734356373383333624248346937535345742353634733645325335353433955333555553842
2233233927332323343613372377363635112228424933621635466623352362278232633373132373363293623335332382
1431213331221222322232222121221121222111232221122212222122334222222222217222242282322321323232222352
3632259593823935233332492539232833343553636634728435325131313933636844295332684343361433233436215229
3345354245224533225442353642594373222924623723232314224252232235431623641236553625432433643355434434
2543434422434233333324225322114442343312433423324431323244444223223533144223353122332342423344443333
3323794497623229443242824352945636494433434432212465593444322644755446144822374457434453256934344477
2254221222623221232242222242221622223286122226452352141283522438832322222226128921247228529222628342
3555348546544433343466433535323743574323535535543344544463243245733333635442545354452573453533443545
3264881565359644573694125399943419541422489321249759526298653254484358754764567447989758386818469944
2232542422331133523323312222222322392234536232344232423212332422122533122134224523253235222323332522
5746622467855644535986266375554626964956784634535654636863394444594327967244539564538773554564457854
2435334324187435337333243162334424242222334223353523323533133123433253124223223134243241342123225323
3444214341421141421133433312434414211334322144412331144212334233121142334213111212241133122133156789
2322223122322224532355421123143422322222123613222226122222223152142253323332262223322722212322292231
4652557732466366674567756553254462682756536447462545352644345444463466156572376668725476444746554764
2423211222221352322421233422223222122313432221522422222251133533222522141212422221432422222212243324
6195326424866283842432144616348585425353222651441234434364423523412662332535525532361212342533221564
4544444444443233333234444144253443463546444373442344334375355414344224543443434423464445247354434424
2332122254232344412323142342552252222531132132164235215242332232142122234351322142342131423223232424
3522223332222426423123334424233232311222232252263331223222333122232323353223222226332323221312432422
3342235342222332326423233443233333332134522242324335333312462333334183423333233223233143333263335248
3233233232133333343733243235322333333235313444233343352433533322323331212121334733333423352313262242
2231122212222212612322222115222112211242254292222622213554227321222822314627286223227222122322222664
9222222232223221141321222122224213222213313222235213222231332223233222321221223223112432122323162521
1222211222422221322211232132222221122521345132542222231232342133422222213522222112232321652321122213
2335221432253222133431135322612132223323323335227122212321226642221221234412322522122222322221223122
9731333338323376332333332625364333343434663233273445353221336363333235631333332233333339742946367333
3422323322123212233212323211143222223233223232223122222221222322332342623313222223212122441333241331
4354232647632445423833241136642463644548554323534347224322242322134224544463333144434254442533526424
2512142345123241433435221223223386627221251724254554244133226643232112533227624275246162264575427542
3864196546565462746358642555455646672764515566956755549656464266645455625556346656668666466636647544
2322342223122252222122234232422222222233712323212223322222555232395331233653223232222152527272223222
3325553454534474754434433535533233632555453538483543442254455355436544343484449263553433554834423354
4325444444359324322456562653233661435524374425376257234313544245452244225544554224255522642412523354
5322532352222224523123326232542415344236542112421345245243234522122255185336233425222444455122346624
4222222222246232512522472234136222233232233242221251223222231322425321322223228227322237122313272223
5275442217546252226324212322365342253247652235714621262432327462676262233227844662416692223171228333
7642224445226462331235311442276286412422223222221212213525112532162121122633526325282315423222224242

